STATEFP,COUNTYFP,TRACTCE,POPULATION,LATITUDE,LONGITUDE
33,001,965100,3417,+43.647487,-071.595911
33,001,965200,2982,+43.660494,-071.477782
33,001,965300,3680,+43.627659,-071.521325
33,001,965400,3026,+43.523397,-071.583026
33,001,965598,3962,+43.460563,-071.577650
33,001,965600,3945,+43.424418,-071.371481
33,001,965700,4915,+43.361649,-071.249331
33,001,965801,3239,+43.481914,-071.496343
33,001,965802,4075,+43.461452,-071.461859
33,001,965900,4092,+43.523880,-071.460913
33,001,966000,5052,+43.533434,-071.480121
33,001,966100,4493,+43.559493,-071.472390
33,001,966200,3234,+43.565402,-071.455966
33,001,966401,1460,+43.583767,-071.399455
33,001,966403,3957,+43.556454,-071.402345
33,001,966404,2282,+43.528411,-071.399503
33,001,966501,3082,+43.454867,-071.249386
33,001,966502,2812,+43.488680,-071.223048
33,003,955101,2062,+44.140589,-071.209388
33,003,955102,2366,+44.092102,-071.182390
33,003,955301,2779,+44.061508,-071.083840
33,003,955302,2970,+44.016117,-071.124191
33,003,955401,2311,+43.972303,-071.118977
33,003,955402,2103,+43.985231,-071.046242
33,003,955500,2970,+43.904266,-071.139217
33,003,955601,2749,+43.828496,-071.346919
33,003,955602,2288,+43.900950,-071.227672
33,003,955801,1691,+43.747245,-071.049343
33,003,955802,1689,+43.815293,-071.075262
33,003,955901,2191,+43.776563,-071.167230
33,003,955902,2181,+43.704576,-071.117313
33,003,956000,5956,+43.583761,-071.020192
33,003,956101,3472,+43.601282,-071.221640
33,003,956102,2944,+43.588270,-071.166434
33,003,956301,2239,+43.701716,-071.417336
33,003,956302,2679,+43.728363,-071.374880
33,003,956400,2467,+43.667465,-071.261275
33,005,970100,4185,+43.089484,-072.295834
33,005,970200,3633,+43.091405,-072.420654
33,005,970401,2516,+42.914409,-072.068158
33,005,970402,2881,+43.033784,-072.146598
33,005,970500,5320,+42.817122,-072.027849
33,005,970600,6476,+42.756346,-072.020676
33,005,970700,3548,+42.761046,-072.187402
33,005,970800,4226,+42.862635,-072.191597
33,005,970901,4355,+42.871036,-072.269276
33,005,970902,2915,+42.867032,-072.330977
33,005,971000,5900,+42.958927,-072.308559
33,005,971100,5120,+42.936713,-072.268184
33,005,971300,3606,+42.939688,-072.282423
33,005,971402,3962,+42.940458,-072.318534
33,005,971403,4459,+42.923793,-072.280518
33,005,971500,5258,+42.923575,-072.448580
33,005,971600,3948,+42.803657,-072.501998
33,005,971700,4150,+42.776815,-072.388144
33,007,950100,1907,+45.025829,-071.421214
33,007,950200,2743,+44.882609,-071.470366
33,007,950300,2040,+44.619547,-071.202103
33,007,950400,3267,+44.615838,-071.516744
33,007,950500,3218,+44.486208,-071.560635
33,007,950600,4135,+44.478783,-071.164531
33,007,950700,3089,+44.485112,-071.176484
33,007,950800,2201,+44.469242,-071.194193
33,007,950900,3053,+44.397352,-071.182106
33,007,951000,2192,+44.357446,-071.468021
33,007,951100,3423,+44.380102,-071.624743
33,009,960101,2912,+44.323032,-071.761419
33,009,960102,3093,+44.305490,-071.791589
33,009,960200,4214,+44.254947,-071.718228
33,009,960300,4885,+44.217919,-071.930964
33,009,960401,2708,+43.900995,-071.642121
33,009,960402,2141,+44.030944,-071.620099
33,009,960500,2633,+43.996300,-071.784212
33,009,960600,4585,+44.097801,-072.016049
33,009,960700,2851,+43.911298,-072.030693
33,009,960801,3343,+43.831475,-071.657241
33,009,960802,1591,+43.814728,-071.814805
33,009,960900,3285,+43.772371,-072.008710
33,009,961001,3338,+43.766747,-071.695342
33,009,961002,3344,+43.748570,-071.705490
33,009,961101,1938,+43.708213,-071.635500
33,009,961102,2004,+43.748095,-071.610208
33,009,961201,2939,+43.601698,-071.730583
33,009,961202,1465,+43.656822,-071.721603
33,009,961300,3438,+43.599190,-071.879419
33,009,961400,3794,+43.669807,-072.043628
33,009,961500,4465,+43.614219,-072.124087
33,009,961601,2792,+43.719420,-072.208663
33,009,961603,5896,+43.709699,-072.282995
33,009,961604,3182,+43.697909,-072.283310
33,009,961701,4672,+43.658148,-072.247459
33,009,961702,3596,+43.653187,-072.303197
33,009,961801,2102,+43.622848,-072.251020
33,009,961802,3912,+43.640842,-072.251794
33,011,000103,5418,+43.027935,-071.463564
33,011,000104,3019,+43.012881,-071.463169
33,011,000202,2451,+43.000589,-071.486427
33,011,000203,3057,+43.026078,-071.481840
33,011,000204,5684,+43.030221,-071.494258
33,011,000300,3081,+42.994971,-071.481660
33,011,000600,2344,+43.000239,-071.460868
33,011,000700,3119,+43.004175,-071.453563
33,011,000800,2442,+42.997434,-071.451027
33,011,000901,3563,+43.008781,-071.440822
33,011,000902,5636,+43.005688,-071.420243
33,011,001000,6318,+42.970299,-071.398348
33,011,001100,5418,+42.982101,-071.423379
33,011,001200,2013,+42.990831,-071.440700
33,011,001300,3277,+42.993200,-071.451340
33,011,001400,2528,+42.987317,-071.458684
33,011,001500,3235,+42.986712,-071.455348
33,011,001600,4185,+42.987209,-071.448804
33,011,001700,2234,+42.984546,-071.440212
33,011,001800,6117,+42.976896,-071.442479
33,011,001900,3402,+42.977158,-071.457844
33,011,002000,2300,+42.982759,-071.474910
33,011,002100,5293,+42.989833,-071.479318
33,011,002200,3297,+42.983167,-071.489333
33,011,002300,3747,+42.973161,-071.481994
33,011,002400,7564,+42.962532,-071.459059
33,011,002500,5510,+42.967583,-071.438338
33,011,002600,5862,+42.933361,-071.434096
33,011,002701,3968,+43.013037,-071.601024
33,011,002702,6298,+43.031525,-071.553329
33,011,002801,1436,+42.997712,-071.544399
33,011,002802,6875,+42.993767,-071.512452
33,011,002901,8202,+42.929772,-071.487076
33,011,002902,6771,+42.965279,-071.521606
33,011,002903,8349,+42.931685,-071.555103
33,011,010100,5310,+42.784386,-071.478063
33,011,010201,4410,+42.790324,-071.505951
33,011,010202,2516,+42.792985,-071.524944
33,011,010301,4788,+42.758027,-071.517880
33,011,010302,4322,+42.763307,-071.504067
33,011,010400,5042,+42.770650,-071.473144
33,011,010500,4717,+42.765939,-071.464576
33,011,010600,6716,+42.757731,-071.452562
33,011,010700,1671,+42.757395,-071.463042
33,011,010801,2429,+42.752307,-071.466760
33,011,010802,5820,+42.756303,-071.473235
33,011,010900,6275,+42.746083,-071.477509
33,011,011000,4874,+42.738719,-071.453474
33,011,011101,3771,+42.704709,-071.457586
33,011,011102,3466,+42.713414,-071.446284
33,011,011200,7432,+42.716866,-071.470023
33,011,011300,4399,+42.725752,-071.484732
33,011,011401,5682,+42.724718,-071.511476
33,011,011402,5165,+42.730085,-071.497492
33,011,011500,2517,+42.736212,-071.517832
33,011,012101,5157,+42.786721,-071.428840
33,011,012102,3285,+42.803394,-071.393823
33,011,012201,1899,+42.750493,-071.430417
33,011,012202,5635,+42.767221,-071.434133
33,011,012301,5392,+42.756406,-071.391184
33,011,012302,4026,+42.723004,-071.415029
33,011,013101,3807,+42.820727,-071.447907
33,011,013102,4671,+42.864126,-071.456611
33,011,014101,3825,+42.884937,-071.475831
33,011,014102,2530,+42.825570,-071.487392
33,011,014201,5957,+42.877657,-071.541864
33,011,014202,6391,+42.887022,-071.496589
33,011,014301,2052,+42.825198,-071.515076
33,011,014302,5877,+42.836598,-071.528193
33,011,015100,5451,+42.876167,-071.624746
33,011,015200,6302,+42.840094,-071.589075
33,011,016100,3013,+42.845737,-071.665582
33,011,016202,5471,+42.808346,-071.672445
33,011,016203,3723,+42.827328,-071.638411
33,011,016204,3924,+42.832511,-071.666341
33,011,017101,3643,+42.722167,-071.575238
33,011,017102,4699,+42.767969,-071.577391
33,011,018001,2419,+42.736468,-071.685984
33,011,018002,3220,+42.741834,-071.652616
33,011,018501,1974,+42.755416,-071.800780
33,011,018502,1448,+42.740923,-071.749196
33,011,019000,3896,+42.835203,-071.755067
33,011,019501,1702,+42.897416,-071.772842
33,011,019502,2584,+42.897465,-071.679147
33,011,020000,6108,+42.982098,-071.679431
33,011,021001,5152,+43.105352,-071.731557
33,011,021002,3940,+43.046299,-071.697617
33,011,021500,5015,+43.030676,-071.861518
33,011,022000,1716,+42.941970,-071.868950
33,011,022501,2623,+42.742093,-071.889395
33,011,022502,4322,+42.783560,-071.857116
33,011,023001,3716,+42.874439,-071.957124
33,011,023002,2702,+42.908026,-071.932059
33,011,024000,1731,+42.975879,-071.978989
33,011,025000,2651,+43.049909,-071.953654
33,011,025501,3060,+43.138149,-071.895483
33,011,025502,3141,+43.122082,-071.939089
33,011,200101,3167,+42.730298,-071.361536
33,011,200201,2670,+42.721951,-071.336375
33,011,200300,4852,+42.725328,-071.290084
33,011,200400,3530,+42.992898,-071.464299
33,011,200500,3533,+42.753340,-071.319585
33,011,980101,0,+42.941043,-071.437277
33,013,003001,4350,+43.078866,-071.470445
33,013,003006,3907,+43.031546,-071.433013
33,013,003100,4707,+43.135510,-071.416881
33,013,003201,5064,+43.146871,-071.459599
33,013,003202,2143,+43.183300,-071.443472
33,013,030000,3005,+43.103890,-071.607462
33,013,031001,4249,+43.129861,-071.518424
33,013,031002,3980,+43.143578,-071.570370
33,013,032100,3766,+43.186351,-071.540296
33,013,032200,2728,+43.196649,-071.534650
33,013,032300,1763,+43.204040,-071.541075
33,013,032400,3237,+43.211149,-071.542531
33,013,032500,3802,+43.195085,-071.568219
33,013,032600,4917,+43.228985,-071.560889
33,013,032701,1548,+43.268482,-071.616432
33,013,032706,3889,+43.266416,-071.581415
33,013,032800,5182,+43.252867,-071.528091
33,013,032900,4345,+43.220693,-071.503540
33,013,033000,2665,+43.255118,-071.402515
33,013,034000,4834,+43.214801,-071.349302
33,013,035000,4075,+43.300053,-071.319327
33,013,036000,5576,+43.305176,-071.459692
33,013,037000,2389,+43.347922,-071.549404
33,013,038000,3998,+43.315796,-071.634477
33,013,038500,4850,+43.286989,-071.771336
33,013,039000,5914,+43.206536,-071.696391
33,013,040000,6185,+43.178143,-071.816871
33,013,040501,1662,+43.254393,-071.960738
33,013,040502,4150,+43.330890,-071.979091
33,013,041001,1813,+43.411288,-072.011578
33,013,041002,2587,+43.415607,-071.970085
33,013,041500,3674,+43.491729,-071.846653
33,013,042500,3828,+43.422718,-071.769388
33,013,043001,4242,+43.434694,-071.646976
33,013,043002,4499,+43.457126,-071.652630
33,013,044000,4872,+43.422595,-071.584838
33,013,044100,3694,+43.203649,-071.505664
33,013,044200,6614,+43.069564,-071.429136
33,013,044300,5105,+43.259625,-071.597937
33,015,003301,4590,+42.912284,-071.272779
33,015,003302,4856,+42.916454,-071.326619
33,015,003400,5735,+42.891094,-071.321014
33,015,003500,5974,+42.878987,-071.318073
33,015,003601,7152,+42.863237,-071.306826
33,015,003602,6010,+42.875133,-071.243620
33,015,003701,4099,+42.876417,-071.365954
33,015,003703,5892,+42.915744,-071.378262
33,015,003801,4047,+42.872276,-071.389736
33,015,003802,4236,+42.860918,-071.413197
33,015,003901,4205,+42.843784,-071.351187
33,015,003902,3341,+42.823023,-071.371410
33,015,004000,5946,+42.992303,-071.342244
33,015,050000,4013,+43.057849,-071.306337
33,015,051000,5232,+42.968394,-071.241005
33,015,052000,6548,+42.933132,-071.186263
33,015,053000,4408,+42.924640,-071.121506
33,015,054000,4739,+42.987448,-071.123939
33,015,055001,6263,+43.020093,-071.204867
33,015,055002,4421,+43.044971,-071.175719
33,015,056000,4855,+43.135932,-071.257543
33,015,057000,4641,+43.212271,-071.207387
33,015,058000,5229,+43.130721,-071.100764
33,015,059000,7125,+43.046600,-071.080727
33,015,060000,4490,+42.988116,-071.049399
33,015,061001,6903,+42.986775,-070.972856
33,015,062000,2441,+42.926180,-071.006836
33,015,062500,2989,+42.914369,-070.953327
33,015,063001,3466,+42.892534,-070.889114
33,015,063003,4017,+42.878827,-070.854248
33,015,063004,918,+42.884095,-070.818189
33,015,064000,2403,+42.926764,-070.886719
33,015,065005,2621,+42.933679,-070.807330
33,015,065006,1762,+42.945529,-070.798060
33,015,065007,1613,+42.922440,-070.811201
33,015,065008,1887,+42.906179,-070.815326
33,015,065009,3775,+42.942356,-070.826904
33,015,065010,4556,+42.949017,-070.852859
33,015,066000,4538,+42.978938,-070.828938
33,015,067000,7669,+43.017330,-070.897004
33,015,067502,3601,+43.080859,-070.935057
33,015,067503,2877,+43.069080,-070.941842
33,015,067504,2952,+43.065548,-070.969249
33,015,067505,1769,+43.038183,-070.959118
33,015,069100,4240,+43.071555,-070.758991
33,015,069200,2931,+43.070819,-070.767188
33,015,069300,2202,+43.081024,-070.772434
33,015,069700,3475,+43.062014,-070.748102
33,015,071001,3226,+42.997880,-070.775519
33,015,071002,2317,+43.031024,-070.744776
33,015,100100,6944,+42.824906,-071.213487
33,015,100200,5509,+42.794109,-071.216360
33,015,100301,4927,+42.780581,-071.246320
33,015,100302,4519,+42.756769,-071.225767
33,015,100401,4659,+42.760668,-071.201549
33,015,100402,3531,+42.776557,-071.194141
33,015,101101,4882,+42.827566,-071.083951
33,015,101102,2948,+42.851970,-071.109216
33,015,102100,4820,+42.867572,-071.045824
33,015,103100,7087,+42.837121,-071.156799
33,015,104101,4932,+42.880053,-071.144674
33,015,104102,4066,+42.889801,-071.189097
33,015,105100,6202,+42.917037,-071.064685
33,015,106101,8159,+42.825152,-071.298537
33,015,106102,7658,+42.786807,-071.310544
33,015,106200,4464,+42.972533,-070.959112
33,015,106400,4682,+42.978824,-070.925009
33,015,107100,2590,+43.086019,-070.783795
33,015,107200,6262,+43.037229,-070.781017
33,015,107400,1256,+43.057792,-070.799616
33,015,107500,4878,+43.045732,-070.844093
33,015,980011,6,+42.922902,-071.447212
33,015,990000,0,+42.904328,-070.754349
33,017,080100,2911,+43.111931,-070.928046
33,017,080202,2766,+43.140737,-070.912133
33,017,080203,5600,+43.133568,-070.934759
33,017,080204,4213,+43.140813,-070.933174
33,017,080500,6438,+43.136977,-070.987126
33,017,081101,4813,+43.172414,-070.888849
33,017,081102,2100,+43.154960,-070.865441
33,017,081200,5188,+43.166427,-070.851730
33,017,081300,4963,+43.190427,-070.873981
33,017,081400,2309,+43.199421,-070.864234
33,017,081500,5701,+43.207585,-070.878829
33,017,081600,7667,+43.214017,-070.913218
33,017,082000,2597,+43.226646,-070.836448
33,017,083001,6750,+43.259078,-070.870098
33,017,083002,5105,+43.243566,-070.883418
33,017,084100,5754,+43.277684,-070.946175
33,017,084201,4471,+43.340542,-070.973818
33,017,084202,3684,+43.321059,-070.936984
33,017,084301,2866,+43.298574,-070.971798
33,017,084302,3946,+43.312206,-070.972856
33,017,084400,4360,+43.302415,-070.985516
33,017,084500,4380,+43.266892,-070.986492
33,017,084600,3031,+43.309765,-071.016813
33,017,085001,3895,+43.237800,-071.028860
33,017,085002,5431,+43.188786,-071.044954
33,017,086000,4230,+43.264370,-071.144785
33,017,087001,3840,+43.393728,-071.067779
33,017,087002,2882,+43.362092,-071.059788
33,017,088000,4482,+43.433210,-070.999509
33,017,088500,4516,+43.457270,-071.113470
33,019,975100,4075,+43.521564,-072.306294
33,019,975200,5464,+43.496773,-072.118204
33,019,975300,3342,+43.387907,-072.091402
33,019,975401,3030,+43.374913,-072.167809
33,019,975402,3269,+43.355487,-072.184977
33,019,975500,3106,+43.227700,-072.135932
33,019,975600,3022,+43.246147,-072.297011
33,019,975700,4806,+43.255482,-072.405839
33,019,975800,4705,+43.365728,-072.358708
33,019,975901,4438,+43.388887,-072.338658
33,019,975902,3806,+43.363473,-072.333435
