STATEFP,COUNTYFP,TRACTCE,POPULATION,LATITUDE,LONGITUDE
72,001,956300,3868,+18.199418,-066.745797
72,001,956400,2645,+18.197598,-066.801658
72,001,956500,2762,+18.160616,-066.758400
72,001,956600,2088,+18.166173,-066.725580
72,001,956700,2034,+18.161977,-066.721700
72,001,956800,4623,+18.154674,-066.707058
72,003,430100,4930,+18.382967,-067.153138
72,003,430200,4886,+18.386763,-067.183108
72,003,430300,2200,+18.382696,-067.195311
72,003,430401,4350,+18.364598,-067.162566
72,003,430402,4421,+18.346625,-067.141709
72,003,430501,5983,+18.359130,-067.182243
72,003,430502,4204,+18.330665,-067.174754
72,003,430601,4153,+18.344635,-067.203611
72,003,430602,3009,+18.371649,-067.214511
72,003,990000,0,+18.412041,-067.213412
72,005,400100,5495,+18.495848,-067.100695
72,005,400300,2923,+18.502591,-067.129399
72,005,400400,3891,+18.472918,-067.156737
72,005,400501,3264,+18.475412,-067.133035
72,005,400502,5137,+18.467910,-067.143208
72,005,400600,2474,+18.448179,-067.149448
72,005,400700,2618,+18.453820,-067.154315
72,005,400800,1151,+18.434548,-067.154026
72,005,400900,1971,+18.438276,-067.150775
72,005,401200,3907,+18.415017,-067.133127
72,005,401301,3903,+18.444384,-067.133956
72,005,401303,3025,+18.479949,-067.095064
72,005,401304,3132,+18.455806,-067.122887
72,005,401401,4620,+18.466727,-067.077409
72,005,401402,4889,+18.443542,-067.104283
72,005,401500,2701,+18.418373,-067.154937
72,005,990000,0,+18.500831,-067.168354
72,007,230100,3446,+18.268210,-066.086786
72,007,230200,5396,+18.262863,-066.116417
72,007,230300,2482,+18.255351,-066.105976
72,007,230400,4391,+18.253415,-066.164865
72,007,230501,4333,+18.225838,-066.134884
72,007,230502,4175,+18.229339,-066.114844
72,009,250100,5597,+18.154189,-066.257991
72,009,250200,4927,+18.134258,-066.297175
72,009,250300,2639,+18.143463,-066.276336
72,009,250400,3193,+18.135631,-066.267497
72,009,250500,4052,+18.138028,-066.254033
72,009,250600,4229,+18.115237,-066.259820
72,011,810100,3081,+18.289652,-067.086966
72,011,810200,7239,+18.280155,-067.121479
72,011,810300,1871,+18.288064,-067.138233
72,011,810400,1070,+18.283173,-067.141486
72,011,810500,5253,+18.295026,-067.145469
72,011,810600,4342,+18.302454,-067.168048
72,011,810700,2740,+18.294681,-067.194152
72,011,990000,0,+18.277416,-067.216504
72,013,300101,5077,+18.453652,-066.628829
72,013,300102,5326,+18.446721,-066.623627
72,013,300200,3537,+18.483000,-066.641149
72,013,300301,2874,+18.437046,-066.682304
72,013,300302,5315,+18.447039,-066.660753
72,013,300400,1687,+18.480599,-066.685500
72,013,300500,798,+18.470873,-066.717944
72,013,300700,1103,+18.472814,-066.729668
72,013,300800,4831,+18.469092,-066.743117
72,013,301000,4845,+18.470764,-066.757353
72,013,301100,6844,+18.453730,-066.753793
72,013,301200,3300,+18.458344,-066.736318
72,013,301300,2985,+18.464748,-066.730564
72,013,301400,855,+18.461355,-066.723187
72,013,301500,5566,+18.445309,-066.742011
72,013,301600,3868,+18.427276,-066.734180
72,013,301700,4757,+18.415068,-066.751973
72,013,301800,1637,+18.367885,-066.750921
72,013,301900,4244,+18.382791,-066.680608
72,013,302000,2698,+18.429497,-066.672622
72,013,302100,5318,+18.418843,-066.647147
72,013,302201,2568,+18.397734,-066.604142
72,013,302202,4617,+18.423500,-066.612699
72,013,302300,3104,+18.372170,-066.611298
72,013,992900,0,+18.513432,-066.673421
72,015,280101,1858,+18.015406,-066.061652
72,015,280102,5254,+17.991967,-066.051782
72,015,280201,3716,+17.971354,-066.064898
72,015,280202,5015,+17.976024,-066.048184
72,015,991500,0,+17.927923,-066.030643
72,017,590100,6501,+18.463537,-066.557955
72,017,590200,3697,+18.453264,-066.539907
72,017,590300,7295,+18.440555,-066.562992
72,017,590400,5164,+18.419866,-066.567024
72,017,990000,0,+18.515134,-066.557503
72,019,952201,4215,+18.222235,-066.295707
72,019,952202,5369,+18.208161,-066.277547
72,019,952301,3771,+18.203810,-066.339826
72,019,952302,6319,+18.222254,-066.318596
72,019,952400,2038,+18.185305,-066.309965
72,019,952500,7271,+18.175880,-066.324923
72,021,030101,5275,+18.410037,-066.143867
72,021,030103,3940,+18.397172,-066.130435
72,021,030104,3895,+18.381630,-066.127746
72,021,030105,2607,+18.391925,-066.131647
72,021,030200,3197,+18.389547,-066.141806
72,021,030300,4281,+18.397731,-066.150891
72,021,030700,1252,+18.393871,-066.164741
72,021,030800,1096,+18.387487,-066.170261
72,021,030901,1703,+18.397515,-066.171619
72,021,030902,2106,+18.396572,-066.177734
72,021,030903,1449,+18.392377,-066.171644
72,021,030904,2042,+18.388911,-066.176583
72,021,031004,2369,+18.404044,-066.172718
72,021,031005,2847,+18.402098,-066.164616
72,021,031011,3537,+18.422364,-066.167635
72,021,031021,3056,+18.413031,-066.171025
72,021,031023,3507,+18.390997,-066.188125
72,021,031031,4054,+18.415730,-066.160059
72,021,031032,2179,+18.413969,-066.191466
72,021,031033,3878,+18.412794,-066.182017
72,021,031034,3350,+18.399391,-066.186481
72,021,031035,3691,+18.398329,-066.192308
72,021,031101,2284,+18.372934,-066.183676
72,021,031113,3360,+18.366792,-066.195955
72,021,031114,3290,+18.375863,-066.191721
72,021,031121,3676,+18.352178,-066.192120
72,021,031122,2855,+18.369778,-066.192054
72,021,031123,2631,+18.347324,-066.196847
72,021,031124,1745,+18.383260,-066.193824
72,021,031125,2741,+18.385404,-066.185491
72,021,031201,2790,+18.382454,-066.176182
72,021,031202,1630,+18.381730,-066.180514
72,021,031203,1848,+18.378177,-066.182994
72,021,031301,5562,+18.343784,-066.185869
72,021,031304,2407,+18.343219,-066.174356
72,021,031305,4291,+18.360650,-066.172116
72,021,031306,3385,+18.359385,-066.182692
72,021,031307,2096,+18.367288,-066.180645
72,021,031401,2322,+18.378613,-066.164892
72,021,031402,2662,+18.376936,-066.170801
72,021,031403,2640,+18.369781,-066.170181
72,021,031501,2449,+18.389481,-066.157378
72,021,031502,1749,+18.390320,-066.163500
72,021,031503,1784,+18.384362,-066.163700
72,021,031611,2271,+18.378619,-066.148308
72,021,031612,4596,+18.367740,-066.155208
72,021,031621,2253,+18.384768,-066.147676
72,021,031622,2450,+18.371969,-066.162199
72,021,031631,2085,+18.386685,-066.152740
72,021,031632,1951,+18.365447,-066.161817
72,021,031641,2244,+18.377836,-066.157670
72,021,031651,2376,+18.372886,-066.151401
72,021,031701,3564,+18.363428,-066.145237
72,021,031702,4104,+18.358082,-066.159332
72,021,031703,3540,+18.347534,-066.164851
72,021,031704,5184,+18.347741,-066.151589
72,021,031800,5612,+18.333589,-066.143603
72,021,031900,5246,+18.319599,-066.163220
72,021,032000,1611,+18.296105,-066.154448
72,021,032100,2620,+18.282157,-066.194943
72,021,032200,2521,+18.304837,-066.189321
72,021,032301,2995,+18.333338,-066.197520
72,021,032302,2456,+18.325322,-066.184898
72,023,830101,4642,+18.054959,-067.131385
72,023,830102,4709,+18.081720,-067.124225
72,023,830201,3966,+18.123412,-067.170359
72,023,830202,3304,+18.122425,-067.154419
72,023,830300,4336,+18.084421,-067.154626
72,023,830400,4268,+18.085690,-067.141854
72,023,830502,3646,+18.056375,-067.171053
72,023,830503,5755,+18.088686,-067.176484
72,023,830504,3024,+18.080571,-067.188065
72,023,830605,2897,+18.032094,-067.159659
72,023,830606,1723,+17.990265,-067.186420
72,023,830607,3478,+18.016472,-067.138604
72,023,830608,1399,+17.972035,-067.185092
72,023,980000,11,+17.968278,-067.187724
72,023,990000,0,+18.008872,-067.209883
72,025,200100,6434,+18.289298,-066.036000
72,025,200200,4634,+18.281053,-066.053559
72,025,200302,6668,+18.260904,-066.041729
72,025,200304,5988,+18.251662,-066.059372
72,025,200305,6428,+18.236025,-066.056776
72,025,200306,4094,+18.240042,-066.070755
72,025,200400,2740,+18.253354,-066.039843
72,025,200500,4869,+18.247622,-066.030520
72,025,200600,3329,+18.241962,-066.023439
72,025,200700,3563,+18.235529,-066.013586
72,025,200800,2590,+18.232154,-066.018087
72,025,200900,1449,+18.234959,-066.024772
72,025,201000,2209,+18.232811,-066.033306
72,025,201200,2988,+18.229306,-066.041348
72,025,201300,2380,+18.229398,-066.048060
72,025,201400,2067,+18.224284,-066.050907
72,025,201500,2251,+18.221815,-066.043783
72,025,201600,1954,+18.227047,-066.032982
72,025,201700,1888,+18.231061,-066.025644
72,025,201800,2994,+18.218811,-066.036059
72,025,201900,1085,+18.213515,-066.037372
72,025,202000,3077,+18.212326,-066.045697
72,025,202100,3028,+18.209862,-066.055839
72,025,202200,1474,+18.215478,-066.053007
72,025,202300,3080,+18.220414,-066.055792
72,025,202402,5813,+18.220222,-066.062340
72,025,202403,3732,+18.215684,-066.082811
72,025,202404,4817,+18.203738,-066.102262
72,025,202500,4133,+18.201804,-066.051382
72,025,202601,5198,+18.216016,-066.010587
72,025,202602,7080,+18.207612,-066.016251
72,025,202701,5163,+18.167182,-066.052411
72,025,202702,4611,+18.161196,-066.037515
72,025,202800,3436,+18.178676,-066.083835
72,027,320100,2320,+18.484518,-066.848125
72,027,320200,6816,+18.479188,-066.876485
72,027,320300,7569,+18.449837,-066.876671
72,027,320401,4024,+18.471271,-066.846914
72,027,320402,3421,+18.452111,-066.850091
72,027,320500,4279,+18.405724,-066.864392
72,027,320600,4398,+18.367803,-066.851761
72,027,990000,0,+18.517345,-066.869415
72,029,100101,3155,+18.393074,-065.880778
72,029,100103,2611,+18.390067,-065.883194
72,029,100104,4122,+18.396088,-065.892710
72,029,100200,1952,+18.378323,-065.898781
72,029,100400,5681,+18.395191,-065.920244
72,029,100502,2977,+18.372096,-065.913700
72,029,100503,6102,+18.368802,-065.894993
72,029,100504,3589,+18.358388,-065.889340
72,029,100601,3094,+18.323782,-065.877420
72,029,100602,2992,+18.335192,-065.896042
72,029,100700,4495,+18.282578,-065.894809
72,029,100800,1567,+18.274606,-065.870590
72,031,050105,2665,+18.426614,-066.006520
72,031,050106,1385,+18.443538,-066.019798
72,031,050107,1963,+18.446141,-066.031537
72,031,050110,3092,+18.429559,-066.006726
72,031,050111,1125,+18.445442,-066.007077
72,031,050112,1242,+18.442087,-066.031250
72,031,050113,3441,+18.435405,-066.018536
72,031,050211,3283,+18.430093,-065.973990
72,031,050212,3941,+18.413449,-065.971156
72,031,050221,4773,+18.428510,-065.983174
72,031,050222,3827,+18.409804,-065.978081
72,031,050231,2461,+18.422160,-065.981040
72,031,050232,4527,+18.398506,-065.975272
72,031,050241,4318,+18.423640,-065.974031
72,031,050242,4280,+18.402786,-065.972524
72,031,050302,2959,+18.400338,-065.985435
72,031,050311,2645,+18.414632,-065.989323
72,031,050321,3998,+18.415054,-066.000346
72,031,050331,1646,+18.411530,-065.995982
72,031,050341,3413,+18.408249,-065.989831
72,031,050403,4940,+18.385851,-065.988696
72,031,050404,2978,+18.392525,-065.997844
72,031,050405,5435,+18.388864,-065.998397
72,031,050503,4752,+18.376289,-065.986024
72,031,050504,6592,+18.366091,-065.982466
72,031,050505,2550,+18.380288,-065.969892
72,031,050506,4026,+18.378795,-065.977971
72,031,050600,5425,+18.385789,-065.962668
72,031,050700,1275,+18.382539,-065.956919
72,031,050803,3573,+18.391754,-065.955233
72,031,050811,3751,+18.418036,-065.957703
72,031,050812,3456,+18.397056,-065.959362
72,031,050821,4012,+18.411225,-065.960332
72,031,050822,3063,+18.400853,-065.963692
72,031,050831,4085,+18.401543,-065.953919
72,031,050841,2610,+18.387826,-065.952023
72,031,050901,5380,+18.348626,-065.959488
72,031,050902,5772,+18.369695,-065.940688
72,031,051001,4428,+18.296194,-065.924718
72,031,051002,3117,+18.321583,-065.927393
72,031,051102,4167,+18.350645,-065.931723
72,031,051103,4849,+18.366297,-065.923718
72,031,051104,3579,+18.371758,-065.927938
72,031,980003,16,+18.439144,-065.998806
72,031,990000,0,+18.480322,-066.013659
72,033,020200,3218,+18.439144,-066.119505
72,033,020302,1793,+18.436732,-066.131903
72,033,020422,2205,+18.436939,-066.147087
72,033,020423,3539,+18.448032,-066.141282
72,033,020425,2123,+18.433073,-066.150501
72,033,020426,1807,+18.435979,-066.128286
72,033,020428,4995,+18.430064,-066.141811
72,033,020500,3426,+18.434449,-066.164140
72,033,980001,3,+18.457505,-066.141992
72,033,980002,0,+18.428491,-066.157686
72,033,980003,0,+18.429522,-066.156633
72,033,980004,0,+18.442399,-066.152800
72,033,980005,35,+18.444613,-066.148819
72,033,980006,5,+18.439987,-066.135499
72,033,980007,6,+18.430801,-066.130410
72,033,990201,0,+18.452490,-066.124739
72,035,260100,8782,+18.135790,-066.102330
72,035,260201,3117,+18.133195,-066.144047
72,035,260202,3906,+18.126513,-066.154003
72,035,260300,3821,+18.123448,-066.173954
72,035,260400,4143,+18.116794,-066.197448
72,035,260500,3716,+18.113338,-066.174407
72,035,260600,2633,+18.107662,-066.165106
72,035,260700,1995,+18.112914,-066.159614
72,035,260800,2509,+18.117074,-066.148314
72,035,260901,3482,+18.115095,-066.135445
72,035,260902,3548,+18.082010,-066.166221
72,037,160201,4484,+18.271664,-065.644949
72,037,160202,2999,+18.268259,-065.668954
72,037,160400,3824,+18.248357,-065.659641
72,037,990000,0,+18.273749,-065.530894
72,039,955600,4581,+18.338684,-066.503101
72,039,955700,3286,+18.336101,-066.469428
72,039,955800,5023,+18.301343,-066.476779
72,039,955900,4094,+18.287871,-066.523268
72,041,240101,5143,+18.194440,-066.118860
72,041,240102,3995,+18.179055,-066.113286
72,041,240201,4239,+18.175872,-066.191903
72,041,240202,4300,+18.198060,-066.165327
72,041,240300,1901,+18.183916,-066.152194
72,041,240401,4646,+18.159917,-066.139641
72,041,240402,3332,+18.156516,-066.116006
72,041,240500,3407,+18.171812,-066.158159
72,041,240601,4776,+18.150028,-066.190606
72,041,240602,4231,+18.152557,-066.161968
72,043,953900,2759,+18.147277,-066.344053
72,043,954000,3129,+18.110182,-066.398253
72,043,954100,1656,+18.082036,-066.361834
72,043,954200,5023,+18.075722,-066.371555
72,043,954300,1736,+18.076687,-066.358163
72,043,954400,1669,+18.083064,-066.346838
72,043,954500,7331,+18.083525,-066.325065
72,043,954600,4255,+18.038890,-066.350948
72,043,954700,7110,+18.058792,-066.393799
72,045,951700,4725,+18.251330,-066.214325
72,045,951800,5211,+18.227442,-066.249504
72,045,951900,2232,+18.218972,-066.228479
72,045,952000,1989,+18.218236,-066.224803
72,045,952100,4726,+18.209339,-066.202318
72,047,530100,3304,+18.352139,-066.313585
72,047,530200,5519,+18.338611,-066.338441
72,047,530300,3770,+18.339260,-066.315713
72,047,530400,7151,+18.322199,-066.296035
72,047,530500,7600,+18.311660,-066.334121
72,047,530600,7227,+18.270993,-066.333803
72,049,950500,1792,+18.311911,-065.301885
72,049,990501,0,+18.372610,-065.360449
72,051,540100,2541,+18.473510,-066.264307
72,051,540200,4293,+18.469369,-066.274828
72,051,540300,1813,+18.458615,-066.265353
72,051,540401,3130,+18.444375,-066.274360
72,051,540402,5770,+18.458065,-066.288201
72,051,540500,7875,+18.441213,-066.297746
72,051,540600,4887,+18.415216,-066.289243
72,051,540700,5570,+18.397037,-066.283527
72,051,990021,0,+18.500756,-066.248795
72,053,150102,2342,+18.346933,-065.654814
72,053,150105,2767,+18.347297,-065.653744
72,053,150106,1088,+18.366077,-065.628689
72,053,150200,4807,+18.338505,-065.665601
72,053,150301,3357,+18.334936,-065.650757
72,053,150302,1997,+18.328328,-065.656010
72,053,150400,3676,+18.334248,-065.638003
72,053,150500,4005,+18.319052,-065.666863
72,053,150601,2403,+18.303542,-065.642276
72,053,150602,5682,+18.298685,-065.673056
72,053,990103,0,+18.401228,-065.572933
72,054,580100,5522,+18.381586,-066.563066
72,054,580200,6170,+18.356629,-066.563080
72,055,960900,4097,+18.009930,-066.896651
72,055,961000,2148,+17.991638,-066.927387
72,055,961100,2207,+17.981329,-066.887388
72,055,961200,906,+17.968336,-066.905763
72,055,961300,1249,+17.972648,-066.909416
72,055,961400,1032,+17.969333,-066.934077
72,055,961500,2148,+17.959946,-066.944917
72,055,990000,0,+17.910063,-066.924767
72,057,270100,4565,+18.027106,-066.106380
72,057,270201,5164,+17.960033,-066.132016
72,057,270202,3895,+17.982099,-066.163860
72,057,270300,5104,+17.985869,-066.085204
72,057,270400,1681,+17.985957,-066.113076
72,057,270500,4708,+17.977614,-066.099308
72,057,270600,2638,+17.980368,-066.114259
72,057,270700,2789,+17.960316,-066.167759
72,057,270800,6070,+17.970873,-066.120516
72,057,992600,0,+17.914883,-066.134127
72,059,740101,2326,+18.073649,-066.781105
72,059,740102,3643,+18.050030,-066.802891
72,059,740200,4376,+18.031039,-066.781314
72,059,740300,2780,+18.023704,-066.791315
72,059,740400,4659,+18.005750,-066.803307
72,059,990001,0,+17.934481,-066.809980
72,061,040101,1661,+18.433889,-066.113364
72,061,040102,1755,+18.435004,-066.118373
72,061,040103,1602,+18.431196,-066.118329
72,061,040200,5139,+18.409398,-066.116646
72,061,040301,1758,+18.405579,-066.099031
72,061,040302,2418,+18.405468,-066.102980
72,061,040303,2196,+18.403511,-066.110707
72,061,040304,5395,+18.393828,-066.119090
72,061,040411,4544,+18.385032,-066.112619
72,061,040412,1654,+18.369713,-066.095560
72,061,040422,2634,+18.374975,-066.098147
72,061,040432,2332,+18.376755,-066.105116
72,061,040442,3295,+18.367999,-066.104667
72,061,040443,5476,+18.375080,-066.114562
72,061,040444,3142,+18.376143,-066.128805
72,061,040445,3199,+18.356425,-066.103907
72,061,040446,3785,+18.359297,-066.095301
72,061,040500,3439,+18.358566,-066.112675
72,061,040601,3846,+18.343902,-066.107567
72,061,040603,3696,+18.359953,-066.122904
72,061,040604,4120,+18.366467,-066.126843
72,061,040701,2935,+18.334158,-066.119377
72,061,040702,5957,+18.350472,-066.127883
72,061,040800,3385,+18.314799,-066.134177
72,061,040900,3876,+18.307426,-066.118151
72,061,041000,2241,+18.323653,-066.093008
72,061,041100,4300,+18.298744,-066.098507
72,063,210100,3768,+18.292306,-065.992677
72,063,210201,2804,+18.274894,-065.974522
72,063,210203,4131,+18.267883,-065.963015
72,063,210204,4476,+18.263963,-065.942605
72,063,210300,1591,+18.253662,-065.972686
72,063,210400,3292,+18.254728,-065.978594
72,063,210503,2674,+18.253435,-065.961534
72,063,210504,6855,+18.237846,-065.980338
72,063,210505,3982,+18.255253,-066.002921
72,063,210506,2974,+18.219311,-065.999117
72,063,210507,4075,+18.228441,-066.004913
72,065,310100,7421,+18.480528,-066.788180
72,065,310200,4463,+18.481737,-066.823906
72,065,310300,5857,+18.466231,-066.813076
72,065,310400,8023,+18.444835,-066.791700
72,065,310500,6988,+18.414525,-066.785491
72,065,310600,5734,+18.357947,-066.796910
72,065,990016,0,+18.517937,-066.800766
72,067,820101,4500,+18.139339,-067.102518
72,067,820102,2787,+18.148629,-067.123434
72,067,820300,4455,+18.133070,-067.119181
72,067,820400,1655,+18.142817,-067.137274
72,067,820500,2257,+18.150455,-067.145444
72,069,180100,3534,+18.162476,-065.756698
72,069,180201,2700,+18.164281,-065.795422
72,069,180202,5411,+18.187913,-065.811828
72,069,180301,2348,+18.165750,-065.850623
72,069,180302,4487,+18.133934,-065.858305
72,069,180400,4026,+18.162619,-065.828813
72,069,180500,5135,+18.144981,-065.799980
72,069,180600,4281,+18.152039,-065.826452
72,069,180700,3650,+18.143015,-065.831213
72,069,180800,4796,+18.113204,-065.832581
72,069,180901,4421,+18.118844,-065.802074
72,069,180903,3382,+18.087916,-065.804176
72,069,180904,2725,+18.096654,-065.821823
72,069,991800,0,+18.110845,-065.747279
72,071,410100,5724,+18.478523,-066.989235
72,071,410200,2588,+18.500794,-067.013469
72,071,410300,2349,+18.503543,-067.026833
72,071,410401,3505,+18.503772,-067.067936
72,071,410403,4875,+18.492154,-067.047914
72,071,410404,2868,+18.483102,-067.033224
72,071,410500,5849,+18.488668,-067.018638
72,071,410600,5295,+18.424754,-066.971086
72,071,410701,2469,+18.461418,-067.034039
72,071,410703,3881,+18.443151,-067.024576
72,071,410704,3540,+18.454122,-067.011719
72,071,990000,0,+18.534739,-067.027684
72,073,956200,6078,+18.198391,-066.599914
72,073,956304,4838,+18.235758,-066.581654
72,073,956305,3863,+18.221371,-066.598888
72,075,710102,4549,+18.043543,-066.459717
72,075,710200,4414,+18.076966,-066.492964
72,075,710301,5212,+18.032813,-066.493588
72,075,710302,4528,+18.049982,-066.487931
72,075,710400,1918,+18.049239,-066.500123
72,075,710500,1237,+18.048820,-066.508301
72,075,710600,1863,+18.057409,-066.506354
72,075,710700,1684,+18.105297,-066.539185
72,075,710800,5456,+18.057025,-066.530421
72,075,710901,4619,+18.030639,-066.534746
72,075,710902,7708,+18.012936,-066.508411
72,075,711002,3350,+17.991345,-066.501062
72,075,990001,0,+17.922252,-066.483528
72,077,500100,7487,+18.247143,-065.898629
72,077,500200,5337,+18.236315,-065.931525
72,077,500302,7126,+18.214975,-065.907458
72,077,500303,3828,+18.221951,-065.893002
72,077,500304,3412,+18.223247,-065.908915
72,077,500401,5760,+18.221291,-065.935367
72,077,500402,4062,+18.186471,-065.922576
72,079,850101,2230,+18.004485,-066.987646
72,079,850102,6809,+18.045016,-067.019168
72,079,850200,4423,+18.045737,-067.059915
72,079,850300,4863,+18.048680,-067.079571
72,079,850400,5009,+18.000813,-067.068195
72,079,991100,0,+17.919888,-067.051558
72,081,957700,4550,+18.317947,-066.845674
72,081,957800,7118,+18.331946,-066.876435
72,081,957900,3734,+18.291802,-066.895028
72,081,958001,3403,+18.295654,-066.888141
72,081,958100,1678,+18.293861,-066.877838
72,081,958200,3191,+18.274078,-066.850513
72,081,958300,2441,+18.249837,-066.879998
72,081,958400,1990,+18.189725,-066.847448
72,083,959700,2269,+18.228995,-066.948828
72,083,959800,1443,+18.259623,-066.988703
72,083,959900,5162,+18.243005,-067.014175
72,085,190101,6510,+18.222458,-065.849478
72,085,190103,4112,+18.189567,-065.862720
72,085,190104,5053,+18.190239,-065.882923
72,085,190201,3719,+18.175501,-065.861060
72,085,190202,2826,+18.171110,-065.874332
72,085,190302,4621,+18.140064,-065.895385
72,085,190303,5574,+18.164764,-065.880397
72,085,190304,2765,+18.165062,-065.898014
72,087,110101,2171,+18.426498,-065.835585
72,087,110102,1836,+18.418161,-065.843760
72,087,110200,1852,+18.427653,-065.843918
72,087,110301,3184,+18.431444,-065.857790
72,087,110302,3601,+18.426080,-065.866494
72,087,110303,2373,+18.388260,-065.870745
72,087,110304,3358,+18.384127,-065.869264
72,087,110400,2177,+18.429644,-065.877963
72,087,110500,1054,+18.429488,-065.882823
72,087,110600,2087,+18.446599,-065.951915
72,087,990000,0,+18.475038,-065.903280
72,089,140101,3373,+18.355501,-065.706512
72,089,140102,3099,+18.335331,-065.717101
72,089,140201,2482,+18.376807,-065.716947
72,089,140202,3990,+18.371554,-065.725479
72,089,140300,4837,+18.366269,-065.740457
72,089,990001,0,+18.403729,-065.694768
72,091,570100,5996,+18.444613,-066.464485
72,091,570201,5642,+18.454269,-066.490246
72,091,570202,4018,+18.451251,-066.505914
72,091,570300,2837,+18.427264,-066.489390
72,091,570400,3148,+18.428385,-066.479996
72,091,570500,4434,+18.431182,-066.455599
72,091,570600,2786,+18.420848,-066.482683
72,091,570700,4046,+18.394762,-066.522339
72,091,570800,6585,+18.397549,-066.471181
72,091,990025,0,+18.506098,-066.482666
72,093,960100,3160,+18.171772,-066.939689
72,093,960200,1595,+18.185622,-066.985710
72,095,951400,6572,+18.008022,-065.893860
72,095,951500,2375,+18.020230,-065.939474
72,095,951600,1642,+18.005649,-065.897726
72,095,990000,0,+17.971395,-065.860776
72,097,080100,874,+18.204093,-067.136459
72,097,080200,985,+18.212318,-067.150194
72,097,080300,1768,+18.212075,-067.154135
72,097,080600,1346,+18.203195,-067.141916
72,097,080800,2496,+18.201540,-067.129020
72,097,080900,1098,+18.197729,-067.132398
72,097,081200,4499,+18.196076,-067.149849
72,097,081300,2049,+18.191054,-067.139976
72,097,081501,3765,+18.226651,-067.143805
72,097,081522,3547,+18.233917,-067.153475
72,097,081523,3040,+18.228844,-067.165713
72,097,081524,2009,+18.248258,-067.173907
72,097,081601,4378,+18.234477,-067.108133
72,097,081602,3506,+18.219855,-067.079354
72,097,081700,2717,+18.217382,-067.129550
72,097,081800,3452,+18.199233,-067.100424
72,097,081900,4874,+18.183351,-067.072872
72,097,082001,5219,+18.169896,-067.151064
72,097,082012,4820,+18.166700,-067.135302
72,097,082022,3551,+18.182254,-067.123825
72,097,082102,3290,+18.182840,-067.155043
72,097,082103,4082,+18.178671,-067.144606
72,097,082104,2364,+18.182521,-067.138535
72,097,082200,1598,+18.197099,-067.139694
72,097,082300,1750,+18.202198,-067.148332
72,097,990000,0,+18.164125,-067.893333
72,099,420100,6402,+18.424640,-067.074972
72,099,420200,6639,+18.391254,-067.115295
72,099,420302,4141,+18.392717,-067.093120
72,099,420303,3090,+18.390862,-067.071282
72,099,420304,2501,+18.382050,-067.043557
72,099,420401,3877,+18.364325,-067.056095
72,099,420402,4597,+18.337181,-067.063534
72,099,420500,6213,+18.354078,-067.107648
72,101,955201,4251,+18.322029,-066.385591
72,101,955202,5377,+18.343939,-066.400201
72,101,955301,4513,+18.355346,-066.445428
72,101,955302,3371,+18.349310,-066.425490
72,101,955401,6128,+18.299864,-066.421665
72,101,955402,3140,+18.310998,-066.399592
72,101,955500,1947,+18.324846,-066.405669
72,103,170100,4883,+18.234761,-065.739557
72,103,170200,6623,+18.226585,-065.804987
72,103,170300,5555,+18.209553,-065.702382
72,103,170400,6325,+18.206060,-065.740000
72,103,990013,0,+18.157768,-065.689178
72,105,520100,5209,+18.310687,-066.221021
72,105,520200,5442,+18.318141,-066.261678
72,105,520300,2520,+18.303437,-066.247228
72,105,520400,7717,+18.278721,-066.239742
72,105,520500,8353,+18.274365,-066.274652
72,107,954801,4475,+18.251688,-066.387337
72,107,954802,1912,+18.240290,-066.417498
72,107,954901,3533,+18.203670,-066.474977
72,107,954902,2214,+18.207107,-066.427867
72,107,955001,4552,+18.206508,-066.371760
72,107,955002,2219,+18.215347,-066.401462
72,107,955100,2529,+18.228162,-066.386673
72,109,290100,3542,+18.038187,-066.035815
72,109,290200,5590,+18.009231,-066.015414
72,109,290300,3756,+17.990653,-065.994978
72,109,290400,3097,+17.989701,-065.961012
72,109,990000,0,+17.942803,-065.945734
72,111,730100,4656,+18.067784,-066.708820
72,111,730200,2284,+18.071466,-066.726390
72,111,730300,6057,+18.064159,-066.744615
72,111,730400,2020,+18.061198,-066.725151
72,111,730700,3807,+18.051010,-066.700908
72,111,730800,1575,+18.006241,-066.718221
72,111,990000,0,+17.948071,-066.741077
72,113,070100,4302,+18.021351,-066.640049
72,113,070201,2435,+18.033762,-066.617718
72,113,070202,1094,+18.021625,-066.619827
72,113,070300,2052,+18.020357,-066.611373
72,113,070400,2628,+18.020275,-066.603648
72,113,070502,3647,+18.024206,-066.595002
72,113,070503,3667,+18.012407,-066.598359
72,113,070513,2462,+18.037081,-066.605577
72,113,070514,2390,+18.028159,-066.607298
72,113,070522,3073,+18.028829,-066.602515
72,113,070800,1293,+18.016253,-066.618749
72,113,070900,1789,+18.015914,-066.627372
72,113,071000,1258,+18.012613,-066.623486
72,113,071200,2075,+18.011545,-066.614637
72,113,071300,3354,+18.008588,-066.627479
72,113,071401,2100,+18.005913,-066.633391
72,113,071402,3825,+18.006346,-066.640169
72,113,071500,3044,+18.000072,-066.624624
72,113,071601,2229,+17.988190,-066.625255
72,113,071602,3210,+17.989497,-066.632288
72,113,071700,1567,+18.004260,-066.619935
72,113,071800,1671,+18.007510,-066.609037
72,113,071900,3488,+18.002573,-066.607229
72,113,072000,1801,+18.003365,-066.600201
72,113,072101,1306,+17.985319,-066.619293
72,113,072102,4707,+17.980900,-066.604324
72,113,072201,3827,+18.015201,-066.588395
72,113,072202,4492,+18.002993,-066.589116
72,113,072300,1092,+18.000669,-066.551617
72,113,072400,8050,+18.041813,-066.551613
72,113,072500,6827,+18.062387,-066.566931
72,113,072600,3066,+18.122877,-066.612936
72,113,072701,2517,+18.040299,-066.592864
72,113,072703,4636,+18.059626,-066.597203
72,113,072704,2585,+18.056612,-066.618214
72,113,072900,5807,+18.052842,-066.643453
72,113,073001,2923,+18.055467,-066.671472
72,113,073002,4351,+17.994789,-066.669250
72,113,073003,1225,+18.026006,-066.662327
72,113,073004,3759,+18.035395,-066.659436
72,113,073005,2640,+18.015597,-066.652741
72,113,073006,2746,+17.990752,-066.659191
72,113,073009,4213,+18.000261,-066.650508
72,113,073010,3330,+17.996375,-066.645377
72,113,980001,2938,+17.981192,-066.677506
72,113,993000,0,+17.923715,-066.661333
72,115,330100,7697,+18.469191,-066.918246
72,115,330200,5086,+18.469663,-066.938616
72,115,330300,5211,+18.448303,-066.942354
72,115,330400,5644,+18.426731,-066.915804
72,115,990000,0,+18.513443,-066.926599
72,117,959401,3257,+18.358944,-067.248950
72,117,959402,1871,+18.338206,-067.219684
72,117,959500,3357,+18.340112,-067.246241
72,117,959601,2439,+18.315384,-067.204224
72,117,959602,4263,+18.319371,-067.234997
72,117,990400,0,+18.340561,-067.277301
72,119,130101,5085,+18.378538,-065.783834
72,119,130102,5222,+18.386318,-065.793495
72,119,130200,2031,+18.382764,-065.829954
72,119,130300,3054,+18.382312,-065.839691
72,119,130401,3570,+18.369538,-065.868659
72,119,130402,4567,+18.367417,-065.855862
72,119,130500,5187,+18.375467,-065.845344
72,119,130601,3199,+18.369112,-065.795660
72,119,130602,3654,+18.350420,-065.789691
72,119,130701,4521,+18.334572,-065.839478
72,119,130703,2495,+18.347859,-065.867088
72,119,130704,4475,+18.359786,-065.844483
72,119,992700,0,+18.439669,-065.770457
72,121,960300,6194,+18.086335,-066.948410
72,121,960400,4295,+18.083022,-066.968240
72,121,960500,968,+18.078850,-066.960400
72,121,960600,2317,+18.080873,-066.955677
72,121,960700,4776,+18.055743,-066.959341
72,121,960800,4179,+18.042884,-066.920357
72,123,952600,2816,+18.059353,-066.226806
72,123,952700,1964,+18.004816,-066.291593
72,123,952800,5843,+18.000536,-066.260118
72,123,952901,3586,+17.975354,-066.221885
72,123,952902,3953,+17.977873,-066.262847
72,123,953000,2247,+17.978273,-066.292756
72,123,953100,1744,+17.976489,-066.300145
72,123,953200,3636,+17.960550,-066.265971
72,123,992800,0,+17.901633,-066.270990
72,125,840100,4136,+18.114769,-067.024067
72,125,840200,6558,+18.136926,-067.066451
72,125,840300,4837,+18.076911,-066.998501
72,125,840400,5064,+18.076090,-067.026198
72,125,840500,3790,+18.087782,-067.048687
72,125,840600,4157,+18.082631,-067.077311
72,125,840700,3337,+18.077358,-067.044083
72,127,000400,1073,+18.467709,-066.114649
72,127,000506,1344,+18.466071,-066.116058
72,127,000600,1978,+18.463882,-066.104793
72,127,000700,1952,+18.463746,-066.093701
72,127,000900,2724,+18.456646,-066.074943
72,127,001001,3876,+18.454074,-066.066896
72,127,001002,2064,+18.453579,-066.062370
72,127,001100,1811,+18.452821,-066.056930
72,127,001200,1869,+18.451922,-066.044217
72,127,001301,1873,+18.448121,-066.047308
72,127,001302,3889,+18.448189,-066.041240
72,127,001400,943,+18.449108,-066.054262
72,127,001500,1919,+18.450008,-066.059731
72,127,001600,3463,+18.446977,-066.065348
72,127,001800,2045,+18.451271,-066.073014
72,127,001900,3468,+18.454508,-066.083914
72,127,002002,874,+18.450240,-066.080626
72,127,002100,1257,+18.450293,-066.077261
72,127,002200,1327,+18.444279,-066.071749
72,127,002300,1263,+18.442254,-066.067324
72,127,002400,2577,+18.441746,-066.060625
72,127,002500,1373,+18.446110,-066.060743
72,127,002600,2152,+18.445236,-066.055701
72,127,002800,1971,+18.445274,-066.048557
72,127,002900,1193,+18.442846,-066.044632
72,127,003000,1188,+18.440889,-066.047133
72,127,003100,2319,+18.442890,-066.051260
72,127,003200,1712,+18.439289,-066.052696
72,127,003300,1291,+18.437239,-066.047884
72,127,003400,2127,+18.437156,-066.043821
72,127,003501,4392,+18.434262,-066.038371
72,127,003502,1332,+18.430287,-066.041754
72,127,003600,999,+18.434462,-066.049019
72,127,003701,1334,+18.433938,-066.054992
72,127,003702,1431,+18.432093,-066.048229
72,127,003800,1843,+18.436400,-066.055574
72,127,003902,3604,+18.440006,-066.063234
72,127,004200,1962,+18.447821,-066.081512
72,127,004306,2056,+18.421415,-066.079358
72,127,004400,1573,+18.429739,-066.055170
72,127,004500,1449,+18.429188,-066.050791
72,127,004600,2368,+18.425708,-066.043891
72,127,004700,4351,+18.421592,-066.035969
72,127,004800,2516,+18.414726,-066.033243
72,127,004900,3312,+18.410858,-066.034762
72,127,005000,3925,+18.408343,-066.025444
72,127,005101,1758,+18.409986,-066.019768
72,127,005102,2101,+18.402066,-066.016273
72,127,005103,2695,+18.401864,-066.024259
72,127,005201,2085,+18.405706,-065.999343
72,127,005202,2514,+18.408970,-066.005452
72,127,005204,1733,+18.401321,-066.003465
72,127,005214,4832,+18.401684,-066.011060
72,127,005215,2309,+18.409252,-066.010417
72,127,005300,2322,+18.403142,-065.994406
72,127,005402,1204,+18.395121,-066.012167
72,127,005403,5699,+18.386367,-066.018933
72,127,005404,2062,+18.387927,-066.004227
72,127,005405,5208,+18.389837,-066.008388
72,127,005500,4641,+18.392750,-066.021853
72,127,005601,2696,+18.403326,-066.034296
72,127,005602,3706,+18.398097,-066.028929
72,127,005800,2242,+18.411014,-066.040161
72,127,005900,1550,+18.416424,-066.038197
72,127,006000,1617,+18.420271,-066.041377
72,127,006101,3550,+18.414687,-066.046931
72,127,006102,1227,+18.412763,-066.051068
72,127,006200,1634,+18.419956,-066.047824
72,127,006301,2631,+18.420384,-066.051622
72,127,006302,2870,+18.424591,-066.053831
72,127,006500,1601,+18.417967,-066.060856
72,127,006600,2045,+18.405887,-066.054498
72,127,006701,1815,+18.411906,-066.060213
72,127,006702,2341,+18.406919,-066.058550
72,127,006800,5427,+18.413516,-066.067154
72,127,006900,2297,+18.411048,-066.078678
72,127,007004,2104,+18.417625,-066.084586
72,127,007100,1567,+18.415580,-066.091222
72,127,007300,3251,+18.408324,-066.092887
72,127,007400,1635,+18.411356,-066.086123
72,127,007500,1743,+18.406551,-066.084773
72,127,007600,2071,+18.403451,-066.079826
72,127,007700,2629,+18.400730,-066.089671
72,127,007800,4780,+18.394082,-066.096752
72,127,007900,2505,+18.398102,-066.103559
72,127,008001,3656,+18.385744,-066.101694
72,127,008002,3719,+18.382193,-066.097060
72,127,008100,2158,+18.381639,-066.092142
72,127,008201,2225,+18.392142,-066.088787
72,127,008202,2751,+18.387049,-066.088267
72,127,008300,2066,+18.398236,-066.088208
72,127,008400,3851,+18.395407,-066.080297
72,127,008500,3873,+18.403115,-066.074068
72,127,008601,1869,+18.403043,-066.060982
72,127,008602,3744,+18.399802,-066.068462
72,127,008603,1538,+18.397564,-066.065650
72,127,008700,1634,+18.400475,-066.054044
72,127,008900,2049,+18.399544,-066.046299
72,127,009000,1641,+18.401028,-066.038623
72,127,009111,3208,+18.396781,-066.036062
72,127,009112,3883,+18.385200,-066.031773
72,127,009121,3411,+18.390850,-066.037501
72,127,009122,6048,+18.378880,-066.037061
72,127,009123,2069,+18.374702,-066.037448
72,127,009300,2583,+18.393127,-066.045953
72,127,009400,1677,+18.391581,-066.051611
72,127,009601,1346,+18.382582,-066.062832
72,127,009602,1849,+18.377449,-066.066842
72,127,009603,2339,+18.372915,-066.062718
72,127,009614,1814,+18.364307,-066.067329
72,127,009624,4071,+18.361637,-066.075287
72,127,009800,5325,+18.379044,-066.077823
72,127,009901,3492,+18.367855,-066.087317
72,127,009902,4182,+18.348438,-066.084878
72,127,009903,4927,+18.353503,-066.077065
72,127,009904,1977,+18.352050,-066.068169
72,127,010002,5012,+18.355108,-066.060697
72,127,010012,5192,+18.365687,-066.040247
72,127,010022,3241,+18.371870,-066.048699
72,127,010032,5461,+18.359962,-066.047495
72,127,010043,2192,+18.375982,-066.056881
72,127,010044,4228,+18.364709,-066.057446
72,127,010045,3804,+18.336730,-066.050421
72,127,010046,3592,+18.347578,-066.041856
72,127,010100,7645,+18.328520,-066.067496
72,127,010200,5659,+18.332994,-066.085497
72,127,010500,5142,+18.429471,-066.066519
72,127,980000,6,+18.393433,-066.062461
72,127,980101,0,+18.415877,-066.073546
72,127,980102,0,+18.409682,-066.073117
72,127,980103,8,+18.421312,-066.077103
72,127,980104,3,+18.427646,-066.094285
72,127,980105,2,+18.464330,-066.090941
72,127,980107,4,+18.467508,-066.110310
72,127,980108,4,+18.456921,-066.099660
72,127,980200,30,+18.469451,-066.122268
72,127,980300,0,+18.442851,-066.081126
72,127,990000,0,+18.493025,-066.080020
72,129,220100,8216,+18.201313,-065.973198
72,129,220200,2499,+18.194183,-065.969517
72,129,220300,1530,+18.188829,-065.962194
72,129,220401,4864,+18.165190,-065.951962
72,129,220402,4993,+18.188451,-065.947144
72,129,220501,3147,+18.166901,-066.002531
72,129,220502,4221,+18.173459,-065.980522
72,129,220600,3166,+18.143632,-065.981529
72,129,220700,5057,+18.115235,-065.986880
72,131,009200,2309,+18.337258,-066.989747
72,131,958500,4296,+18.353918,-066.932827
72,131,958700,5270,+18.368017,-067.019497
72,131,958800,6537,+18.314724,-067.016188
72,131,958900,2529,+18.340943,-067.001925
72,131,959000,3632,+18.329297,-066.992936
72,131,959200,5415,+18.309197,-066.970860
72,131,959300,4154,+18.302972,-066.927757
72,131,959500,5203,+18.365339,-066.977422
72,133,953300,4322,+18.005855,-066.366290
72,133,953500,4321,+18.003905,-066.417102
72,133,953600,5176,+17.987319,-066.384647
72,133,953700,1875,+17.965893,-066.400792
72,133,953800,4587,+17.971395,-066.408872
72,133,990000,0,+17.907788,-066.391106
72,135,510101,8815,+18.386113,-066.206402
72,135,510102,4567,+18.375920,-066.217191
72,135,510200,8112,+18.388184,-066.228577
72,135,510300,2648,+18.389392,-066.249671
72,135,510400,4622,+18.370985,-066.259588
72,135,510502,3858,+18.363821,-066.216439
72,135,510503,7874,+18.352499,-066.210030
72,135,510504,3871,+18.371589,-066.203101
72,135,510505,3530,+18.361883,-066.205030
72,135,510601,5058,+18.342084,-066.215592
72,135,510602,5345,+18.351690,-066.249917
72,135,510701,3777,+18.369445,-066.289980
72,135,510702,4775,+18.344231,-066.272136
72,137,120200,3427,+18.448752,-066.170468
72,137,120300,1972,+18.451914,-066.180047
72,137,120400,1510,+18.457169,-066.185784
72,137,120500,1134,+18.451128,-066.186135
72,137,120600,2848,+18.445724,-066.180687
72,137,120900,2902,+18.434762,-066.173124
72,137,121001,3441,+18.439951,-066.188948
72,137,121002,3225,+18.437346,-066.181104
72,137,121200,3018,+18.427171,-066.173481
72,137,121400,4689,+18.453853,-066.193083
72,137,121701,3025,+18.433143,-066.222738
72,137,121702,4683,+18.443573,-066.225231
72,137,121801,4529,+18.418332,-066.216198
72,137,121802,5034,+18.409654,-066.213101
72,137,121900,3085,+18.399155,-066.200506
72,137,122001,4254,+18.396658,-066.208948
72,137,122002,3754,+18.403673,-066.231834
72,137,122100,2241,+18.399913,-066.246611
72,137,122201,3052,+18.423906,-066.240795
72,137,122202,2022,+18.423496,-066.233474
72,137,122400,1661,+18.442491,-066.251060
72,137,122500,4472,+18.441971,-066.171422
72,137,122600,5315,+18.430077,-066.183539
72,137,990000,0,+18.492982,-066.160030
72,139,060102,3232,+18.375307,-066.014273
72,139,060103,2701,+18.374779,-066.000031
72,139,060104,7137,+18.366602,-065.997739
72,139,060212,4511,+18.374061,-066.026979
72,139,060213,2548,+18.358880,-066.030517
72,139,060222,4460,+18.366469,-066.028313
72,139,060223,3686,+18.356588,-066.016552
72,139,060224,2492,+18.361106,-066.016505
72,139,060225,2469,+18.367246,-066.016661
72,139,060226,1059,+18.366631,-066.021159
72,139,060301,5111,+18.347968,-066.017075
72,139,060302,7785,+18.332295,-066.025818
72,139,060401,3891,+18.323742,-066.004926
72,139,060403,3971,+18.345033,-065.987862
72,139,060404,3988,+18.353362,-065.993219
72,139,060501,4882,+18.317824,-065.985943
72,139,060502,3817,+18.318187,-065.965028
72,141,956900,3289,+18.286980,-066.626327
72,141,957000,4559,+18.281640,-066.693190
72,141,957100,4546,+18.280584,-066.792971
72,141,957200,4432,+18.266105,-066.732340
72,141,957300,3492,+18.274105,-066.706184
72,141,957400,1983,+18.262256,-066.709879
72,141,957500,2532,+18.263424,-066.696795
72,141,957600,3454,+18.223828,-066.664661
72,143,550101,3019,+18.474797,-066.341303
72,143,550102,1520,+18.445500,-066.329721
72,143,550103,4850,+18.467147,-066.334821
72,143,550200,5026,+18.438005,-066.339110
72,143,550300,4658,+18.384452,-066.354090
72,143,550400,3507,+18.412092,-066.326922
72,143,550500,5017,+18.416397,-066.312610
72,143,550601,4713,+18.389960,-066.330068
72,143,550602,3085,+18.403237,-066.310230
72,143,990000,0,+18.511798,-066.330851
72,145,560100,4340,+18.446557,-066.355458
72,145,560201,5209,+18.484494,-066.411145
72,145,560204,3243,+18.470008,-066.413710
72,145,560300,3984,+18.453474,-066.391884
72,145,560401,3318,+18.453758,-066.415489
72,145,560402,5119,+18.447393,-066.425505
72,145,560500,1677,+18.445486,-066.384626
72,145,560600,5572,+18.425568,-066.371422
72,145,560701,5282,+18.436445,-066.397522
72,145,560702,6073,+18.426590,-066.395079
72,145,560801,2590,+18.436006,-066.426101
72,145,560802,3113,+18.426812,-066.419980
72,145,560900,4894,+18.381027,-066.397845
72,145,990000,0,+18.518081,-066.393711
72,147,950500,4748,+18.125664,-065.459408
72,147,950600,3501,+18.145827,-065.434773
72,147,990000,0,+18.076284,-065.527105
72,149,720100,4585,+18.121568,-066.458193
72,149,720300,5384,+18.120548,-066.483655
72,149,720400,1717,+18.129628,-066.492045
72,149,720502,3167,+18.102686,-066.513474
72,149,720503,3984,+18.142147,-066.483267
72,149,720504,3256,+18.127373,-066.506241
72,151,950601,2603,+18.097315,-065.860549
72,151,950602,4001,+18.082424,-065.840040
72,151,950700,4750,+18.075111,-065.943320
72,151,950800,3469,+18.068098,-065.902105
72,151,950900,4654,+18.101987,-065.896182
72,151,951000,2011,+18.049202,-065.875188
72,151,951100,2005,+18.043453,-065.876949
72,151,951200,3102,+18.043834,-065.898751
72,151,951300,3831,+18.032706,-065.852191
72,151,990000,0,+18.025571,-065.795004
72,153,750101,2326,+18.109944,-066.836687
72,153,750102,3070,+18.059713,-066.837346
72,153,750201,2791,+18.074235,-066.887828
72,153,750202,4319,+18.056738,-066.869992
72,153,750300,3724,+18.042451,-066.865881
72,153,750400,3019,+18.035973,-066.849852
72,153,750501,3968,+18.030796,-066.868112
72,153,750502,1845,+18.025145,-066.860927
72,153,750503,2155,+18.025852,-066.873910
72,153,750601,4368,+18.018704,-066.843940
72,153,750602,2587,+18.006421,-066.860884
